23.61 59.24 25.49 Al-Battani
79.94 -24.43 84.41 Alchiba
72.77 -33.23 70.09 Algorab
-98.46 -98.24 52.90 Alpha
-19.42 -12.88 -81.52 Altair
65.75 -20.53 -33.62 Andromas
94.60 -44.54 -94.78 Aranae
30.15 89.39 22.98 Archimedes
-71.34 69.28 93.50 Arcturus
25.99 56.45 -88.78 Bannoc
37.22 60.12 29.74 Bara
50.68 0.34 -37.85 Bardeen
90.20 8.64 -74.52 Barnard's
-8.40 82.85 -69.82 Bel
-97.06 -84.01 50.33 Bessel
-6.95 11.25 17.48 Beta
81.84 26.75 35.81 Bohr
-28.33 65.37 70.14 Bolivar
-92.04 -5.59 87.40 Bradbury
29.37 -58.07 25.57 Carinae
-51.08 -66.21 56.27 Celebrai
-4.18 56.49 -67.70 Charybdis
-56.30 34.79 95.26 Cheyenne
87.80 4.98 42.64 Copernicus
-53.53 12.89 83.15 Decaran
81.74 -96.19 43.16 Delta
-44.29 -75.53 -77.53 Denebola
-56.94 89.62 42.55 Enlil
91.28 -16.02 30.86 Eridani
96.12 53.94 80.09 Eta
-13.25 -14.61 62.43 Fermi
8.37 -85.07 -48.78 Feynman
-43.10 49.08 -12.33 Foucault
-30.36 40.58 -71.89 Freya
-26.27 -33.93 93.22 Gamma
96.42 -42.28 -19.15 Groombridge
86.93 94.26 -47.92 Guniibuu
18.42 -70.99 98.43 Hawking
-34.50 10.60 56.39 Heinlein
-6.01 -78.58 58.47 Heisenberg
-12.76 -76.77 31.46 Huygens
28.71 -90.40 -85.29 Hyla
-36.30 -9.88 -78.48 Indum
-73.97 -15.35 -28.18 Ixyll
8.75 -98.18 -35.48 Jaffa
64.84 22.79 88.26 Kang
-79.14 -85.63 -6.18 Kapteyn's
-7.03 17.17 96.92 Katydid
-49.52 -72.43 -31.24 Khayyam
73.37 75.64 -0.78 Kryx
-58.76 -6.26 -70.06 Kumasi
22.74 77.35 -96.44 Lantana
80.07 93.35 50.58 Leonis
-16.55 61.71 -54.91 Leviathan
-20.77 91.37 35.39 Linnaeus
93.66 -25.59 40.61 Lunara
-39.83 -15.79 -90.41 Luyten's
56.35 27.08 -24.53 Maal
44.09 43.40 -83.24 Maheo
-25.08 61.87 90.47 Marduk
-21.65 -5.24 33.10 Masada
-28.64 -42.75 38.08 McClure
53.39 -2.18 -48.39 Moloch
-37.06 -51.74 -59.96 Muphrid
-45.99 71.32 -93.15 Narion
-23.08 -69.90 78.29 Nemeria
36.56 86.23 53.81 Newton
-96.92 -88.87 -58.85 Nikola
14.76 -52.17 37.71 Nirah
67.40 -75.82 -0.67 Nirvana
30.11 -13.68 -93.93 Oborum
81.04 -86.87 -13.67 Olympus
-1.74 27.50 -60.80 Ophion
1.07 -48.52 32.44 Piazzi
-82.35 -9.09 -61.73 Porrima
54.26 71.92 -24.28 Procyon
-82.75 -8.69 20.03 Proxima
-90.04 63.09 89.40 Pyraas
-88.91 89.77 -20.60 Rana
80.94 5.41 47.32 Rasalhague
74.22 -10.78 71.24 Rivera
-56.25 84.10 -21.81 Rutherford
33.27 -90.45 40.85 Sagan
71.04 71.70 -8.29 Sakharov
-48.65 18.05 -29.75 Schrodinger
-3.45 -40.70 -57.10 Serpentis
50.12 14.24 90.60 Shoza
-11.00 -46.69 36.78 Sirius
0.00 0.00 0.00 Sol
-61.76 -33.24 -62.29 Sparta
-0.55 -47.57 95.97 Strix
16.94 -60.53 -48.54 Syrma
35.63 22.38 -72.84 Tau
88.00 11.57 -91.55 The
17.32 -5.67 39.94 Tidacha
-26.58 57.32 4.85 Toliman
8.31 5.42 -97.83 Ursae
65.92 -12.51 -43.40 Valo
-8.42 66.81 -3.66 Van
97.83 -27.58 -44.37 Vega
23.07 -17.17 83.97 Verne
45.03 68.53 76.31 Volii
-73.35 24.77 -54.02 Wolf
56.80 -56.68 67.00 Xi
92.42 59.86 -37.52 Zelazny
-26.24 -73.47 -21.25 Zeta
-33.74 -85.56 92.15 Zosma
